9000.00  0.925326
   9019.50  0.924762
   9039.00  0.924177
   9058.50  0.923572
   9078.00  0.922945
   9097.50  0.922294
   9117.00  0.921618
   9136.50  0.920916
   9156.00  0.920186
   9175.50  0.919426
   9195.00  0.918636
   9214.50  0.917812
   9234.00  0.916953
   9253.50  0.916056
   9273.00  0.915118
   9292.50  0.914137
   9312.00  0.913109
   9331.50  0.912032
   9351.00  0.910901
   9370.50  0.909712
   9390.00  0.908460
   9409.50  0.907140
   9429.00  0.905746
   9448.50  0.904270
   9468.00  0.902707
   9487.50  0.901047
   9507.00  0.899280
   9526.50  0.897394
   9546.00  0.895376
   9565.50  0.893212
   9585.00  0.890882
   9604.50  0.888367
   9624.00  0.885643
   9643.50  0.882678
   9663.00  0.879438
   9682.50  0.875879
   9702.00  0.871947
   9721.50  0.867576
   9741.00  0.862684
   9760.50  0.857163
   9780.00  0.850878
   9799.50  0.843648
   9819.00  0.835235
   9838.50  0.825321
   9858.00  0.813477
   9877.50  0.799135
   9897.00  0.781586
   9916.50  0.760065
   9936.00  0.734071
   9955.50  0.703926
   9975.00  0.671151
   9994.50  0.637921
   10014.0  0.606014
   10033.5  0.576358
   10053.0  0.549211
   10072.5  0.524483
   10092.0  0.501951
   10111.5  0.481362
   10131.0  0.462478
   10150.5  0.445087
   10170.0  0.429007
   10189.5  0.414082
   10209.0  0.400182
   10228.5  0.387192
   10248.0  0.375020
   10267.5  0.363582
   10287.0  0.352807
   10306.5  0.342633
   10326.0  0.333006
   10345.5  0.323879
   10365.0  0.315210
   10384.5  0.306964
   10404.0  0.299107
   10423.5  0.291611
   10443.0  0.284449
   10462.5  0.277597
   10482.0  0.271036
   10501.5  0.264745
   10521.0  0.258707
   10540.5  0.252907
   10560.0  0.247330
   10579.5  0.241963
   10599.0  0.236795
   10618.5  0.231814
   10638.0  0.227009
   10657.5  0.222370
   10677.0  0.217889
   10696.5  0.213558
   10716.0  0.209368
   10735.5  0.205314
   10755.0  0.201388
   10774.5  0.197584
   10794.0  0.193897
   10813.5  0.190321
   10833.0  0.186851
   10852.5  0.183483
   10872.0  0.180212
   10891.5  0.177034
   10911.0  0.173946
   10930.5  0.170943
   10950.0  0.168023
