9000.00  0.940142
   9019.50  0.940200
   9039.00  0.940258
   9058.50  0.940315
   9078.00  0.940373
   9097.50  0.940430
   9117.00  0.940486
   9136.50  0.940543
   9156.00  0.940599
   9175.50  0.940655
   9195.00  0.940710
   9214.50  0.940765
   9234.00  0.940820
   9253.50  0.940874
   9273.00  0.940928
   9292.50  0.940982
   9312.00  0.941036
   9331.50  0.941089
   9351.00  0.941142
   9370.50  0.941194
   9390.00  0.941247
   9409.50  0.941299
   9429.00  0.941350
   9448.50  0.941402
   9468.00  0.941453
   9487.50  0.941504
   9507.00  0.941555
   9526.50  0.941605
   9546.00  0.941655
   9565.50  0.941705
   9585.00  0.941755
   9604.50  0.941804
   9624.00  0.941853
   9643.50  0.941901
   9663.00  0.941950
   9682.50  0.941998
   9702.00  0.942046
   9721.50  0.942093
   9741.00  0.942140
   9760.50  0.942187
   9780.00  0.942234
   9799.50  0.942280
   9819.00  0.942326
   9838.50  0.942371
   9858.00  0.942416
   9877.50  0.942462
   9897.00  0.942506
   9916.50  0.942551
   9936.00  0.942595
   9955.50  0.942639
   9975.00  0.942683
   9994.50  0.942727
   10014.0  0.942771
   10033.5  0.942814
   10053.0  0.942857
   10072.5  0.942899
   10092.0  0.942942
   10111.5  0.942984
   10131.0  0.943026
   10150.5  0.943067
   10170.0  0.943108
   10189.5  0.943149
   10209.0  0.943190
   10228.5  0.943231
   10248.0  0.943271
   10267.5  0.943311
   10287.0  0.943351
   10306.5  0.943390
   10326.0  0.943429
   10345.5  0.943468
   10365.0  0.943507
   10384.5  0.943546
   10404.0  0.943584
   10423.5  0.943622
   10443.0  0.943659
   10462.5  0.943697
   10482.0  0.943734
   10501.5  0.943771
   10521.0  0.943808
   10540.5  0.943844
   10560.0  0.943880
   10579.5  0.943916
   10599.0  0.943952
   10618.5  0.943987
   10638.0  0.944023
   10657.5  0.944058
   10677.0  0.944092
   10696.5  0.944127
   10716.0  0.944161
   10735.5  0.944195
   10755.0  0.944228
   10774.5  0.944262
   10794.0  0.944295
   10813.5  0.944328
   10833.0  0.944361
   10852.5  0.944393
   10872.0  0.944426
   10891.5  0.944458
   10911.0  0.944489
   10930.5  0.944521
   10950.0  0.944552
